4000    21.7    156.2057937 0.3604
3800    21.6    151.645145  0.3592
3600    21.3    147.1878052 0.3556
3400    21.1    142.8434458 0.3532
3200    21  108.2416279 0.3532
3000    21  134.5371696 0.3532
2900    20.7    100.3456526 0.3484
2700    20.4    95.19059828 0.3448
2500    20.4    90.14016863 0.3448
2400    20.2    87.65985398 0.3424
2200    19.96   82.80247581 0.1098
2000    19.84   78.1040972  0.1092
1900    19.72   75.82380893 0.1086
1700    19.49   71.4230355  0.10745
1500    19.26   67.26997845 0.1063
1400    19.14   65.3012251  0.1057
1200    18.81   41.18555572 0.10405
1080    18.69   38.07899684 0.10345
1000    18.58   36.05897946 0.1029
800 18.42   31.2449996  0.1021
720 18.29   29.44163718 0.10145
500 17.74   18.0346888  0.0987
400 17.11   15.62849961 0.09555
300 15.78   10.30776406 0.0889
200 12.46   7.826237921 0.0723
50  3.19    5.244044241 0.02595
