4000    36.9    156.2057937 0.1845
3800    36.5    151.645145  0.1825
3600    36  147.1878052 0.18
3400    35.6    142.8434458 0.178
3200    35.1    138.6226893 0.1755
3000    34.7    134.5371696 0.1735
2900    34.6    100.3456526 0.173
2700    34.2    95.19059828 0.171
2500    33.6    90.14016863 0.168
2400    33.6    87.65985398 0.168
2200    33.1    82.80247581 0.1655
2000    32.5    78.1040972  0.1625
1900    32.5    75.82380893 0.1625
1700    32  71.4230355  0.16
1500    31.4    67.26997845 0.157
1400    31.2    65.3012251  0.156
1200    30.8    41.18555572 0.154
1120    30.6    39.10511475 0.153
1000    30.2    36.05897946 0.151
800 29.8    31.2449996  0.149
720 28.9    29.44163718 0.1445
500 26.5    18.0346888  0.1325
400 24.4    15.62849961 0.122
300 22  10.30776406 0.11
200 17.08   7.826237921 0.0854
50  4.5 5.244044241 0.0225
