21.7    4000    0.1085  156.2057937
21.6    3800    0.108   151.645145
21.3    3600    0.1065  147.1878052
21.1    3400    0.1055  142.8434458
21  3200    0.105   108.2416279
21  3000    0.105   134.5371696
20.7    2900    0.1035  100.3456526
20.4    2700    0.102   95.19059828
20.4    2500    0.102   90.14016863
20.2    2400    0.101   87.65985398
19.96   2200    0.0998  82.80247581
19.84   2000    0.0992  78.1040972
19.72   1900    0.0986  75.82380893
19.59   1800    0.09795 73.59517647
19.49   1700    0.09745 71.4230355
19.26   1500    0.0963  67.26997845
19.14   1400    0.0957  65.3012251
18.94   1300    0.0947  63.41332668
18.81   1200    0.09405 41.18555572
18.77   1160    0.09385 40.14087692
18.73   1120    0.09365 39.10511475
18.69   1080    0.09345 38.07899684
18.65   1040    0.09325 37.06332419
18.58   1000    0.0929  36.05897946
18.54   840 0.0927  32.17592268
18.42   800 0.0921  31.2449996
18.29   720 0.09145 29.44163718
18.06   600 0.0903  20.59732992
17.74   500 0.0887  18.0346888
17.11   400 0.08555 15.62849961
15.78   300 0.0789  10.30776406
12.46   200 0.0623  7.826237921
3.19    50  0.01595 5.244044241