36.9    4000    0.542  156.2057937
36.5    3800    0.538  151.645145
36  3600    0.532    147.1878052
35.6    3400    0.5272   142.8434458
35.1    3200    0.5212 138.6226893
34.7    3000    0.5164  134.5371696
34.6    2900    0.5152   100.3456526
34.2    2700    0.5104   95.19059828
33.6    2500    0.5032   90.14016863
33.6    2400    0.5000   87.65985398
33.1    2200    0.4972  82.80247581
32.5    2000    0.49  78.1040972
32.5    1900    0.49  75.82380893 
32  1700    0.484    71.4230355  
31.4    1500    0.4768   67.26997845
31.2    1400    0.4744  65.3012251
30.8    1200    0.4696   41.18555572 
30.6    1120    0.4672   39.10511475
30.2    1000    0.4624   36.05897946 
29.8    800 0.4576   31.2449996
28.9    720 0.4468  29.44163718
26.5    500 0.1325  18.0346888
24.4    400 0.122   15.62849961
22  300 0.11    10.30776406
17.08   200 0.0854  7.826237921
4.5 50  0.0225  5.244044241 